   0.0000000e+00   3.2000000e+03   3.2000000e+03
   1.0000000e+02   3.1638900e+03   3.1666200e+03
   2.0000000e+02   3.1220000e+03   3.1420000e+03
   3.0000000e+02   3.0729700e+03   3.1249800e+03
   4.0000000e+02   3.0230000e+03   3.1080000e+03
   5.0000000e+02   2.9761400e+03   3.0896500e+03
   6.0000000e+02   2.9380000e+03   3.0730000e+03
   7.0000000e+02   2.9136300e+03   3.0590000e+03
   8.0000000e+02   2.8950000e+03   3.0450000e+03
   9.0000000e+02   2.8766900e+03   3.0310000e+03
   1.0000000e+03   2.8610000e+03   3.0170000e+03
   1.1000000e+03   2.8518200e+03   3.0091800e+03
   1.2000000e+03   2.8430000e+03   3.0030000e+03
   1.3000000e+03   2.8300700e+03   2.9919400e+03
   1.4000000e+03   2.8160000e+03   2.9810000e+03
   1.5000000e+03   2.8004500e+03   2.9705000e+03
   1.6000000e+03   2.7830000e+03   2.9600000e+03
   1.7000000e+03   2.7570700e+03   2.9495000e+03
   1.8000000e+03   2.7330000e+03   2.9390000e+03
   1.9000000e+03   2.7189200e+03   2.9285000e+03
   2.0000000e+03   2.7050000e+03   2.9180000e+03
   2.1000000e+03   2.6904100e+03   2.9035000e+03
   2.2000000e+03   2.6760000e+03   2.8890000e+03
   2.3000000e+03   2.6668000e+03   2.8817200e+03
   2.4000000e+03   2.6630000e+03   2.8750000e+03
   2.5000000e+03   2.6633700e+03   2.8655400e+03
   2.6000000e+03   2.6630000e+03   2.8540000e+03
   2.7000000e+03   2.6558000e+03   2.8401500e+03
   2.8000000e+03   2.6480000e+03   2.8260000e+03
   2.9000000e+03   2.6456700e+03   2.8117800e+03
   3.0000000e+03   2.6410000e+03   2.7970000e+03
   3.1000000e+03   2.6281200e+03   2.7770200e+03
   3.2000000e+03   2.6130000e+03   2.7550000e+03
   3.3000000e+03   2.5958800e+03   2.7357200e+03
   3.4000000e+03   2.5810000e+03   2.7200000e+03
   3.5000000e+03   2.5750200e+03   2.7097200e+03
   3.6000000e+03   2.5710000e+03   2.7000000e+03
   3.7000000e+03   2.5636100e+03   2.6882200e+03
   3.8000000e+03   2.5570000e+03   2.6770000e+03
   3.9000000e+03   2.5530000e+03   2.6680000e+03
   4.0000000e+03   2.5490000e+03   2.6590000e+03
   4.1000000e+03   2.5440000e+03   2.6490000e+03
   4.2000000e+03   2.5390000e+03   2.6390000e+03
   4.3000000e+03   2.5340000e+03   2.6290000e+03
   4.4000000e+03   2.5290000e+03   2.6190000e+03
   4.5000000e+03   2.5245000e+03   2.6095000e+03
   4.6000000e+03   2.5200000e+03   2.6000000e+03
   4.7000000e+03   2.5150000e+03   2.5837800e+03
   4.8000000e+03   2.5100000e+03   2.5600000e+03
   4.9000000e+03   2.5050000e+03   2.5324700e+03
   5.0000000e+03   2.5000000e+03   2.5000000e+03